0.3012353406208333
0.2542328258880976
-0.09784716592984301
0.08860559385399377
0.31712446776649084
0.19185521301834155
-0.15100463795357663
0.08813762661670947
-0.09347982840425925
0.31608945911570885
-0.6510711678169734
-0.7619061584889463
-0.37129051670928825
0.11861803954868025
-0.17862192377922204
-0.011104251804067277
0.24243140891209786
0.3439457861099764
0.27375568408292816
0.5965850831869336
0.5927511308296134
0.5203294190213781
0.7353075713744374
0.780528577472412
0.8085480666288609
0.7525665872499937
0.895594653419962
0.5116203726920191
0.38000760651369614
0.23482902300683756
0.19718289159868907
0.5415724396428475
0.4018644119660323
0.5558334227107002
0.46966646007618473
0.20367938646387854
0.5591227108291166
0.3825028033687362
0.35685764351680194
0.49119903167704493
0.5545568822535536
0.8530751714232296
0.6186815196999862
0.3363805169039922
0.3348349015331011
0.04065318411342241
0.40640935275096784
0.5522119098166607
0.5819082399856849
0.48180754046012825
0.30208541491759455
0.23354370316019227
-0.08638945769825707
0.3328396213386756
0.04490567707262645
0.25310323654748235
0.26238295248099364
0.06706974671752841
0.6538990533650153
0.582231202834106
0.633957643223567
0.01662285510487514
-0.0509194927030975
-0.0447042932011554
0.18488836855062982
-0.20530458122845405
-0.06695436647934491
-0.28085224007183385
-0.5716443090684383
-0.4771081450547876
-0.08422242678215577
-0.46843971121675665
-0.08320407742861728
-0.10734733540439931
0.4348197966760492
-0.3155187597631353
0.07197268582954001
0.43234164738315595
0.6980339582904299
0.5085130584216772
0.5529062760261827
0.7755070262681041
0.7215002250569045
0.3669664526010063
0.7204134270106762
0.926738776233397
1.0391380125549587
0.9655615783237697
0.9348216178242591
1.0381472831950707
1.077342607339216
0.952758302582334
0.7111514075953549
0.827465340602803
0.11053616098068426
0.29010254452963935
0.4884288343396938
0.632228103036359
0.6657734781418595
0.5517084658939186
0.6849869311944531
0.6431874182927657
0.7970591850621712
0.569282971042061
0.6396954667797516
0.8977049862536344
1.0905242316848054
1.0187291761043458
1.049318962893139
0.8240132558206469
0.8244027856788015
0.7322282601743525
0.9790525191465604
-0.13298817558439632
-0.46114825348761357
-0.46683518531471
-0.4706320430421916
-0.3552614604132768
-0.21424899676864023
0.1927224207719323
0.30004602198771746
-0.0658859422921599
-0.3358933220493057
0.1745441071307322
0.0821220123532351
0.1782161760916337
0.45741663550014666
0.5999833842247103
0.8122446171542524
0.4632507343436874
0.9285583510668982
1.2501541657718833
1.1801000574454394
1.1238737413072493
1.1091501282120777
1.3154870735498165
0.8394760832954671
0.7581466533508391
1.2694533902624106
0.7292335049756684
0.897384063868716
-1.0744950788622516
-1.3113683876308042
0.27257702195336087
0.725935461660535
-1.2633199456599256
0.5123207305864678
0.1853061276726556
0.6868935011253889
-2.266555281477807
-2.777814662567134
-1.6532838064477893
-1.1254805468454594
-2.07877758970879
-1.9151854904336436
-2.7240724985978426
-2.03278028097847
-1.8712966420229207
-1.7122484973381322
-2.2966141961951902
-3.2825423048669022
-1.9052035399060057
-0.5629227466509799
-0.038474113011068366
-0.170711978511019
0.18703205179250867
0.6424841680097
0.5301390463574545
0.8544839490839398
0.9378002435754615
1.095112402652375
0.8787270448116299
0.4030697555567329
1.1803264039581047
1.172874800107267
1.0236064839706551
1.0053607824914708
1.2885287269440733
0.678372078318924
1.0383646010860768
0.6903574623621338
1.1461867338464922
1.1484295923601482
0.014860820374758854
0.7335187728830826
0.8466865060491383
0.9580033605941167
0.17304302497697752
0.6818005067817402
0.5126436133294463
0.6606927045398607
0.9784598816190748
0.7745664625090833
0.4976439290600344
0.6248083082325635
0.18273414102018765
0.05383544597227609
0.21591369969695856
-0.9416871168909035
0.11381899645655211
-0.3247587989730034
0.07267654356380919
0.18234235690102596
-0.4752818742168031
-0.6352871613561756
-0.0149821366608141
-0.3683182195334031
-0.2108498171129693
-0.5654489511775053
-1.1494924311333263
-2.656792054733549
-1.126747950974821
-0.16073676143746904
0.18118502887563198
-0.18071112555703467
0.2444889126528468
0.315053286671409
0.33170528264208543
0.4545601780661134
0.45633631737616975
0.7006591105356702
0.924250116411533
-0.2215809932358618
-2.089658127082576
-0.735111706020869
0.4649586951491145
0.28253607833615013
0.9311338924677897
0.546463055094956
0.07313907090483811
-0.11976876131255716
-1.0790008565002203
-2.0650000426724286
-1.7461306893601491
-0.9929416470706152
-0.643735474513532
-0.6744347509226387
-0.062079239183094756
-0.07380576578061858
-0.04223219894338036
0.3608025906075087
0.4410163669280477
-0.6139858470454574
-1.7663606728680983
-2.088040053643005
-1.33974689906618
-0.9632094111674807
-0.41009134102924794
-0.7602247936508932
-0.2836113718746084
0.3316436677362274
0.6954204654268696
0.09174483305518022
0.334072044376596
-0.9642702025831721
-0.07072905770605029
0.35359447382268827
0.46251381187274304
-0.5920217397384521
0.13651351351106594
0.3224706634044714
0.4165646497595805
0.8165509446316381
0.22073342110818453
-0.17856678602903844
1.0094100405191282
1.0955536820227774
0.5121577121844002
0.4136131565043886
-0.32941808215093865
0.5065311657396533
-0.279233614884664
0.044219287590222346
-0.00177417172819741
-0.22926671445809502
-0.6242515038682596
0.016212092129687543
-0.5990187254707762
-0.6445457293759753
-0.947320560253921
-0.4219018049057336
-0.8710948007297915
-0.7641902331156485
-0.9582621293860644
-0.609158853910275
-1.0591739409741865
-0.4515325312898434
-0.08291582760470913
0.06660286056792755
-1.3594703763318696
-0.4055745515627612
-0.655808598815973
0.09300791048661376
0.6411779377317615
0.09212273214268459
0.268574051207349
0.22106648195226733
0.7295685848893927
0.7492411923656181
0.8629594243871228
0.39453096044165586
0.6903202438406876
0.053038537729350785
-0.8429395750763774
-1.5543123893158017
-2.3213764117372855
-1.3529807272280636
-2.4958159986836645
-0.2581810729142684
-2.4931855276438206
-1.6696705044363689
-0.44885264574829076
-0.5706455293783008
-0.19782506796020077
0.20645190748781928
0.1858912278450858
0.4964674484343581
0.5308847898018431
0.4692710037016652
0.29098288020885643
0.0762690113062488
0.2746779433812673
0.5336230853725235
0.7750451352906389
1.1670422866931323
0.19234678588344267
-2.3247323732257192
-0.4567609306788034
0.05898188697320743
-2.5458900302554937
-0.23190079950983672
0.21677133384492722
0.22586404957045775
0.16640024114211777
-0.24482613900182773
-0.3777998247748759
-0.005856968246859008
0.36787522854361193
0.4650466253149763
0.3183580623446211
0.24365010862524197
0.10643151344055264
0.7131428236094709
0.9447946958359055
0.492611708063735
0.8329592447710766
1.001909864562188
0.5729752204898595
0.6014260079044353
0.4259087401616014
0.3689756363800775
0.0213666798886466
0.33676244235017255
0.6944479133031348
-0.7462381281706251
-0.6239946107646469
0.053971361823908846
-0.6595202152304871
-0.2384383663477318
0.9820451381421886
0.9986231116272488
-0.4413767166360638
0.24112172378056124
0.6275650411674574
0.26508245971221517
0.8491141208371614
0.7508630703345689
0.4347447660614021
0.03742390729015193
0.8427978581966957
1.784409131518099
0.2835488308477224
0.6532446531768599
0.778503025293536
0.8676194364720148
1.0479603248534024
0.7830282790893067
1.087994094296338
0.8641904708546114
0.23370024769685482
-0.2630252305802941
0.3206772477027199
0.6233234025382419
0.7779470328490365
0.7456967811616605
0.22980885676565355
0.7208632757098117
1.063164703755808
0.6971680556746801
0.8618448445341338
0.8940341303151577
0.4339316937104491
0.6518539004863386
0.5571907445520169
0.7859192137153101
-0.2942224819455994
0.2594774174650628
0.7991481436306783
0.7709167957965787
0.5165051658061002
0.03509824217841433
-0.7513905845366419
-0.15479375463831396
0.29474970578840665
0.6956868714640286
-0.2473652863973141
0.12931413951912382
0.03913983199665066
-0.31493937316160714
-1.7355003730402885
-1.575540391410641
-0.46133808770655993
-0.01903592745493205
0.37016292882730817
0.02037891749209847
-0.597296310939881
-0.40002258092199516
-0.10601389993431512
-0.23067288618366272
-1.8770006405961166
-0.43080177182203744
0.2168979951872545
0.10863329895553639
-1.2955760287656566
-1.2404261602602886
-1.324220126598457
-0.986597740270079
-0.6635965249337403
-1.0252721940890792
-1.6903920142925597
-2.1308063497003022
-2.358594238137885
-1.9040167931571237
-0.7405942723931098
-0.3703953187353223
-0.0792899799658244
-0.27179043273442527
-0.34962014208833647
-1.1553111733342298
-0.6847121330212549
-0.02945251341887133
-0.8259220224143728
-0.7629350688422332
-0.28272042008417175
-0.05226866295712392
0.5270837314093292
0.22137585576110808
-0.6879090322319221
-0.18882812748679179
0.3109658749623711
0.6533828746697556
0.6551711260470044
0.7333765876865638
0.6664502626428506
0.7104163066293155
0.7637790169138821
0.29427499290606923
0.6718982892778556
0.39424911473803026
0.2422170119377721
-1.2202502998424447
-2.0453197831094694
-1.3070786635582503
-1.375435100848679
-1.7739487196746828
-1.0336145534817849
-0.17546864118389682
-0.9094719786111268
-0.6370235949499138
-0.6290034354041475
-0.5498031799016644
-2.2898420931046566
-1.295719566343958
-0.645072167929251
-0.12146731309286603
-0.24454108888250053
-1.4868527283867503
-1.4461826228147385
-1.2591401318553097
-2.084540973237507
-2.2936193823157613
-1.4402086366097173
-2.2912109759529042
-2.787443510823619
-1.2773951836008706
0.23374609376037406
0.3617156156609158
0.05093298350673685
-0.2722609913920756
0.288729652187102
-0.23527110377646787
-0.0747780884867256
0.47139752303387567
0.5303990756339755
0.4627391887044923
0.6850612848965099
0.42647749447898564
0.6642260991040327
0.5511938001160186
0.4740058213874591
0.5656719014906357
0.0896013784978136
-1.7287520193564503
-0.9331416201014371
-0.4837084949307754
-0.08961117506876067
-0.04632283660987598
-1.3158354825892287
-0.8708308698263488
0.26401060862985626
-0.43986089354155206
0.4663362386589508
0.7223985629656502
-0.45003257193768686
0.5978161105335148
0.6589618055666522
0.8956931983277776
1.059857787768793
1.013715637647367
0.927529357667613
0.7162388947436454
0.7394021185498135
0.4554677475762384
-0.382157183249203
-1.713897951027527
-1.1112002730340438
0.17713398096488908
0.6829643641593011
-1.7245450228833583
-0.9206156277442922
-0.535157392754329
0.12881539856843247
0.36408396261831405
0.38156881939916754
-1.7040068851777221
-2.358061737831427
-0.4259867723595544
-1.7100062942810381
-1.1096091831552153
-1.7920226331133555
-2.8662261945533203
-0.9933003642733723
-0.46207378785490505
-0.9992429123867457
-0.14384458081575552
0.46497338194083715
0.4352662704051841
-0.11491097445735358
0.34840848061350405
0.5772143652458961
-1.4865476594519311
-0.4197698267639747
-0.13748256664062733
-0.3040764867443226
-0.722203882539884
-2.2162934787345443
-2.8779909592876414
-2.0189676073046527
-1.3676331251577365
-0.8673715719709062
-0.2973791932141311
-0.4691822847975399
-2.210880802414114
-1.3918169251738628
-0.2909775029915904
-0.08745789669242172
0.18760660217329522
0.4919203528836699
-0.21998055967527677
-1.0897747127828261
-1.0773621131731401
0.24935283749927395
0.5771044491643952
0.23650640883686277
0.45552364220969377
-0.07537481345237175
0.2589981540576653
0.07339798026315883
0.0663364979409072
-0.1825865601878112
-0.4965589347935044
-1.6402077217158832
-2.2532187606444642
-3.0713649148248017
-2.5250419320691515
-1.2130120446313242
-0.9576991078070417
-1.8832141658213644
-2.2753070075517683
-1.1178294771025583
-2.009825750193234
-2.6984629799975273
-2.028167489038971
-2.349863801683825
-1.950581770533652
-0.1288540637084285
-0.9473834179750789
-0.43428257182179586
-0.23074982385171258
-1.0036882100385411
0.24230760457485018
-0.0012077672273726413
0.3922240984294743
0.8782063658584995
0.8774619463669598
0.350286035345153
-0.19907108484305824
-1.2434484723434425
-0.4394246588126956
0.021585134680599968
0.29611064517373625
0.13761978032207942
-0.324882285649257
-1.1854280315635628
-2.262930097027187
-1.1415136432784245
-1.1887301738310503
-1.1417790385941324
-0.9244583443069097
-1.5955943229478964
-2.565951281902353
-3.2597600561146556
-1.621566988659658
-0.8977463785741137
-0.8111599290413792
-1.9466982383086902
-1.207067993731772
-2.2393249527468417
-1.9882481984677187
-2.1194357135910797
-1.105239374799563
-1.3370421019001302
-1.7721336453337986
-1.713890885315998
-2.1075142393424042
-0.7302112237239122
-0.10952333326678496
0.406316353532225
0.352816825722525
0.25522945572977085
0.23595886471555186
0.40747848315022256
0.09546816660772828
0.33923971849717294
-0.6630433741356512
-2.7136122358873
-1.7051560668123833
-0.6802342578196402
-1.1567374992806703
-0.8505693282004575
-0.8510808352845908
-0.32971452283860153
-1.0156612639290008
-0.9769112702159161
-1.239401772826603
-2.0306268264483114
-2.8333710495541937
-2.7749223468728164
-2.0364495780393113
-0.7827374483302526
-0.46530413303019025
0.048239292285670234
-0.08286851055348161
0.0719177902839078
0.24485931442475817
-0.4879866169590355
-0.020927986605186587
-0.18544379283156262
0.482337521095012
0.13921815044493563
0.589464414557805
-0.10494903998015155
0.4551684064663134
0.5223078648476214
-0.10283770272734134
0.2081385566614183
0.33033869061445753
0.410665429734267
-0.5841047125854286
-0.17947757749437707
0.18737782110066534
0.31729332408245614
0.4698017719058168
0.47863526151123315
0.15381131309979906
-0.26120496092681555
-0.4623732869223132
-0.4216393789345577
-0.28616089859661453
-0.2684337389220748
0.30949805541359793
0.5046759702004976
-0.24257909187007387
-0.4851381522222516
-2.1150858968095667
-0.2036250927427064
-0.36634997188741786
0.23728879673311729
0.14041286200240338
0.08921014631081467
-0.5854015514512951
-0.7484259938176607
-0.8864115000852368
-0.2544117711049848
-0.3997893641745012
-0.11928540701555297
0.14144869603601795
0.377615053095517
0.36967775250317353
0.259687628908663
0.3023888040053025
0.11879577427562027
0.19586895757299003
-0.005938393792780822
0.27045494368562834
0.24969365549431025
0.36358503002236786
0.20210271708002941
-0.2352218574015758
0.21643438645293261
0.39305879836792085
0.22392511738862453
0.1116746168772279
-0.04543699799593638
0.393393359643768
-0.1961337769915269
0.03127082553613059
0.29161303675668043
0.14723835686853964
-0.8086544052513917
-0.31313201916612876
-0.2582436237132376
-0.04472159489110035
0.028354696060158953
0.05840657823226569
-0.03806585483488886
0.018301411727256488
-0.09789857173014536
-0.3995382248737824
-0.5796879568306609
-0.3737677180621535
-1.202545571195068
-0.15389575313016168
0.49605085076563027
0.5033825661819462
-0.19122586818874018
-0.638372218637459
-1.3126536612115645
-0.49603616710366555
-0.10855813557602215
0.07898919120427435
-0.11593327815683421
0.16187802797947268
-0.4121874348722138
-2.0944716004933968
-1.778374853646594
-0.6015720900852505
0.09471716439796271
0.018460659370106703
0.4270187696111679
0.03887003624629855
-0.20360345630514795
-0.24288773815951145
0.015055373667419204
0.1283702698851234
0.11176119342183961
-0.5536436608261478
-1.2656148487271248
-0.28272473286346883
-0.36340531673525583
0.045554384315367
0.006858043719397505
-0.3992254119806714
-0.07619541976749437
-0.16309490324838
-2.0395851548912995
-2.3381897328253656
-1.6942698002058194
-0.12392207180152848
0.005676073353359597
-0.31488412259947035
0.2733395200625365
0.4348098582114117
0.490846323577827
0.17119643452150038
-0.3561437350852198
-0.5758135575017738
-0.2697899612665441
-0.8912100695919541
-2.3858003113074786
-1.4852874576392285
-1.2120838473904048
-1.1243068475387994
-1.8022405422106111
-2.7713531958442483
-1.8740935846630684
-2.260365742907877
-2.6283396766055045
-1.4194558952774865
-0.3615580094959956
0.23300474609713887
0.1967914716970264
0.38227520265717313
0.3186916513388739
0.18499834300218193
-0.6746482334057484
-0.7425124108179098
-0.08781721447309399
0.010789571204187668
-0.4341279392674613
-1.7802900021791281
-1.2416773837358843
-0.11978132882290567
0.19173262144163886
0.6075466322152587
0.4913944462769312
0.28323232848401564
0.5419394049786852
0.7617929733121055
0.9346057484419852
0.7660979059652601
0.4098317117561094
0.6590872955035729
0.7745941282318901
0.8706895999658204
0.0636419319661207
0.3694212808762349
0.48453821988287193
0.5495600552267457
0.44535049654657327
0.33864085029478674
0.2280152063364737
0.48889503772095744
0.4637086542183379
0.24651581992276186
0.6296306489934541
0.003865464857109083
0.2899716692443231
0.22497569790659017
0.03961617276286363
0.3951430636671006
0.6444087661018076
0.5847862684362491
0.15836516137665574
-0.2679871950289983
-0.03713214806987965
-0.6541205062448098
-2.161109402922916
-2.8846971252293803
-1.2252953189950044
-1.3928618224039684
-2.7059184828372054
-3.0922136773365017
-0.9656535739766788
-0.03583878726359467
-0.2817060614544122
0.07721867456255696
0.2970978823855325
0.2773354635441394
0.27996755769644793
-0.8293626657462336
-0.8008811634897635
-0.20022610131074603
-0.08126506067923032
-0.1789497888063223
-0.16036636088666895
-0.6810216604846839
-0.06313729499791196
0.06522126518169757
-0.6646198950764666
-1.896925817969804
-0.8893711505342186
0.3917426989859343
0.19710326875677214
0.27323718603416475
0.5432638254977957
0.8276906642706192
0.2388249079244837
-1.2819309463928854
-0.5417622962036597
-0.0664037063128752
-1.2920768108128708
-0.3336267495770807
0.17954103232533658
-0.08607667258010335
0.3139257982723301
0.21028039878837204
0.20718847593630224
0.38122632071655005
0.36235711134155246
0.26047544058059513
0.03520717433447266
0.3934349104927759
0.013578037037271862
0.1350138366357181
-0.1756720529842825
0.17018609829403766
0.24322914176617655
-1.2834459402869003
-2.4121670296015836
-2.4012371530256393
-0.8529595920807594
-1.4637114640915356
-0.28191338726753684
-0.24859401837994416
0.24365850645100356
0.07371951688594378
0.25005148069887717
-0.0700696077069505
0.06133243845976839
0.026537954616378333
0.11097826804009436
-0.9061837295709608
-0.40425226300028444
-0.4266025730533417
-1.150366829869932
-2.415503213924647
-1.0227307071068583
-0.22934361870644543
-0.7934441958851431
-0.5158012940065873
-1.8083381492172053
-2.3804348187136615
-1.4118214275876568
-0.22536608410738382
-0.29291588425935117
-0.019274169146242522
-0.38704502947033326
-0.346230090913999
-0.20140493229093953
0.026682554247124467
0.20055478604056232
0.23748863859347055
-1.2347903030972682
-0.44710372795285525
0.2093237396126974
0.11871261902435246
0.302284130913944
-0.2211325524988948
-0.4427358669000818
-0.5963259214976891
-0.8925974970825695
-0.5887595895974619
-0.4149180494541995
-0.38710686885970735
-0.6806666337949893
-0.13444172169850116
-0.18337853827616607
0.36998030007341154
0.7557919034634745
0.688150300040905
0.7963010305134489
0.6289131772431873
0.828877231044906
0.5607440914909907
0.163301980454229
0.0021317123896431533
0.10796393374432674
-0.5366216423548121
0.155801831978145
0.05952164737918085
0.18134246851001246
0.5136935977129198
0.4468761422315648
-1.4462981083709505
-1.8590365995038838
0.029597877731786126
-1.0926451767736118
-1.2753343435976379
-0.5185693904358797
-0.9794901786112675
-0.7841207897613571
-0.22432680482967432
-0.1407026583982146
-0.32821098335373317
-0.7506812272541665
-1.0400948596547717
-0.5460813999183345
-1.7618884371778691
-2.6860375763703166
-1.6652706695039172
-0.2195020387091308
0.24972482679646282
0.008526471408804857
0.21890243895411107
0.28762687460263325
0.478072566831489
0.3740880673949202
-0.2122542135619784
-1.2710730629842817
-0.2437571968262385
0.22353140938541283
0.14336051907917452
0.03664027453036155
-0.9205434217674828
-0.3566904025656947
-0.3696943540658143
0.14398228788478734
0.36990658787935243
0.06480505617190106
0.42605187978942977
0.2827170397410974
0.3000108320323598
-0.14010167423612505
-0.7117475708671623
-0.47708007720028334
-0.6266332633588911
0.029633917521419823
0.07267329070501366
0.48655964071095104
0.10418679553232928
0.42403763934907407
0.8436982586751874
0.9918112073081847
0.7418461657238408
0.9054626158773942
1.0619496566935682
-0.3259745787059369
0.5688260591679567
0.5191203249598153
0.6137571925411187
0.30452651872888536
0.04525413921269754
0.3776112692468355
0.11462019855108711
-0.14406518050418532
-0.3717960524045014
-0.15574929410595137
-2.5576957345853844
-1.7342994190586836
-0.22824345248196645
-0.3173901873145969
0.17214685439944719
0.2696120828211647
0.49286803368819215
-1.0320589788987542
-2.4826662381433886
-0.968519357119729
-1.6059674637257462
-1.7760761606846729
-0.5782662385428126
0.24925068079257667
0.5411605057459001
0.40855139519855427
0.18774598529069203
-0.43342374977344844
-0.022834173741674922
0.3460601602449345
0.30086144233616186
0.19020711569366347
0.5022717723558573
0.7131891451121143
0.3302931218211904
-0.2653888442780866
0.14836075939315668
-0.9975328586565869
0.018956949491862225
0.23611481965024597
-0.05788079189223834
-0.5930463553073088
0.34143157609495356
0.40829745316607824
0.2586235117467962
-0.5237275532154262
-1.090060684495505
0.45189015918357106
0.8326939574652146
-0.22456397270201672
-0.5408327275383314
0.15120610746522947
0.5770224022303589
0.6249175515248175
0.4636779546422118
-0.5303240257496643
-0.3254930850236536
-0.15135798648531665
-0.11534680703909735
-1.6348450503790228
-0.29860246892831277
-0.36164399469488656
0.24338088540276437
-0.010468619230043196
-0.6219140134205842
-1.2766245831181449
-0.22760638345950063
0.4747384097042057
0.5440141173893263
0.4895759147781229
0.7852555980581271
1.1383597021446203
-0.19895864950002104
0.24829356410050937
-0.3385260093636051
0.19961644341324367
-0.3928642962063891
0.7989493738850877
0.5971054978186283
-0.5113354757262749
0.1626780245770971
0.238068194493525
0.03616251905934279
0.2604765235651
-0.35551830546350666
0.7737742399843897
1.0752149613284154
-0.029016740803922088
-0.619873412469788
-0.7276234623293043
-1.069575416049131
-0.7407701720296218
-0.7276378535869957
-0.07174325951140637
-0.07595194367244762
0.19625906221438522
0.1107723988928579
0.047467308778425824
-0.5162382879287788
0.254152725500724
0.09895703019078311
-0.24967028713319078
0.27252906643948765
-0.08479616440477586
0.5162338194716363
0.01704403603420598
0.5779663251219119
-0.46080588531457767
-0.6169725589081007
0.05085511571183861
0.021362871595764693
0.0867870932755501
-0.3442156382671615
-0.6168364302054039
-0.24103449731683932
0.2600281524352316
0.3365030928561589
0.7734074702591919
0.613872432232373
0.2114638207400767
0.5876749093134512
0.672601043082983
1.1160599123269013
0.6794213274342507
0.7176752676319138
-0.8878447293124406
-0.020225310745246743
-0.6516810730378221
-0.19150050609769165
0.24730615488414767
0.4874227455406488
-0.1692105429572563
-0.8436874061044006
-1.668516547671001
-0.8058305162776213
-0.03086468957700474
-0.2040414980439437
0.0813642268651096
0.2669451349749194
-0.24459468916897445
-0.32594115075842656
-0.10079559967553783
0.12044226716263662
-0.01663821348607502
0.42608853581582473
0.22824642479706236
0.9566029869998838
0.9404797787909478
0.9520050209299662
0.9337431919793199
-0.23439542339969582
-0.44780103400215143
-0.30692311395430477
-0.029134744183590876
-0.4284898899427902
0.2671630958486532
0.584606272676924
0.9183355309021609
1.01392405824608
1.0238895429538917
1.0265224536895798
0.44027406076489684
0.8635117001887428
0.8354025712841631
0.6422580693664941
0.40493404956239976
0.4654376796079719
0.23066735237302058
0.30451506267280176
0.5670292010741894
-0.48603135747844206
-0.2486669216059009
0.14767099518031584
-0.470794403902301
-0.5442143007759027
-0.5122224204939776
-0.2802136725164643
-0.8863400440530057
-0.3305482408589406
-0.09166819077623614
0.1845354544892485
0.11740923324276756
-0.34975822224347336
-0.1848356306186039
0.07333210384395966
-0.4406046557803661
-1.2813308458762824
-1.7653920376459258
-1.0580556407476398
-0.8872150473698139
-0.41696488740778204
-0.3691184767726917
-0.4594851045303548
-0.5575220140267506
-0.5734612801033813
-0.35535199394622785
-0.12702384676075512
-0.06163419984769367
0.2805590015022104
-0.14604479216450345
-0.16720873741746342
-0.18079465398616756
-0.3547862390470013
-0.2341743360163008
-0.7599254038475177
0.31835700937502776
0.4913007477372062
0.44112737948747655
0.49793051013737816
0.5471198680384983
0.19884970260494722
0.48744786882324814
0.35783910768994776
0.597963721233557
0.7123654706405697
0.4152668872156262
0.45817768725401364
0.4735205568234358
0.22656785260005669
-0.3400984163371895
-0.388259186675489
0.02440700144974865
-0.42297737512550626
-0.17605998223630742
-0.08170988564799408
-1.4685288311283706
-1.558638170993864
-2.1493507434300474
-2.436798138139543
-2.378501024812977
-2.71765822711217
-2.018760275000715
-0.6659744179802554
0.14501762842408922
0.15158946984069263
0.33049357232116744
0.24988786647742414
0.2997311360661256
0.5850581633675631
0.6374166880682911
0.40412336252156733
0.16760709643429497
0.22526425750627013
-0.01782533331439693
0.2713488642352034
-0.261867710389492
-0.16242270093431846
0.27038423404167217
0.2297392982494794
0.14773917845278012
-0.6291431311909322
-0.25609183519760037
-0.10592305035100166
0.3884193685707694
0.3811675416497491
0.4440253500452222
0.5511186092002506
0.3967743134731443
0.3271885091103134
0.4957625845718585
0.39412001639764715
-0.010843467726672195
-0.004658983459602667
0.23601596395022809
-0.35163519086105977
-0.018170843431199117
-0.1970286080882533
0.07393182566647506
-0.6028477472620587
-0.3939162352708048
-0.3200717518156
-0.6889972968769034
-0.28927699480418106
-1.2834817452196274
-1.7159196837271644
-1.3528714646294415
-1.8101665201159
-1.4278964890014052
-1.3851072956940933
-2.370472334763085
-2.521157753873478
-2.4893886939723933
-2.85530046994134
-1.7424161408584993
-0.7164800264279816
0.05990368525297797
-1.4344435387159145
-0.5096642274613237
-1.4401872764647066
-1.8000820783194367
-0.5842722471611353
-2.0276391808803376
-1.417451198422339
-0.677260112922889
0.1331709671207244
-0.19738871528001367
-0.7114137297708056
-0.438729967296143
-1.2672227720310532
-1.1784657848374325
-0.9492113357649972
-0.6070710378640964
-0.7893485406180261
-0.32753973737206854
-0.07032374441934848
0.0025187887020155565
-0.1573318440833692
0.25630060192234044
0.5875576685724069
0.6778549222954727
0.2364090189048634
0.14339618614920485
-0.017789207184423127
-0.11587460295165988
0.18423901660460618
0.009593344737950999
-1.663035588563496
-1.9393610604642064
-1.0574510237889414
-0.22545708729507882
-0.4671250817232817
-0.35131164367651835
0.31488968402558487
0.3835503640635243
0.3662435985286336
0.60726829942224
0.4445420187588039
-0.6668254736712582
-1.3579895832559932
-0.3039585084334867
0.2200439409698589
-0.834658612556385
-0.8678260767888158
-1.146144791939454
-1.8321039268022616
-2.025803804309498
-1.245197638986062
-1.2116362383189323
-1.1436897570205713
-0.8839646246876016
-0.5488191954290189
-0.1467475517162945
0.28098106114230037
-0.3592138943123988
-0.5057664961016555
-1.1437149527588706
-0.7037826091356238
-1.0646888027925399
0.022211612490608844
-0.03683420293387878
-0.5547536693255843
0.10734002167222614
-1.0482772786734829
-0.1719050161075673
0.3722239369214452
-0.6071404091266733
-0.852448936721703
-0.5458796935766154
-0.20806860544788006
-0.5682806156702992
-1.5227677797625219
-0.9186774300573838
-0.5394078552962044
-0.6257735047355247
-0.6518124212466745
-0.3210644638880774
-1.4754887018517955
-1.8668901694820144
-2.5793347323613887
-0.7068594137990343
-0.12944941319237885
0.345741344152659
0.7474179251412287
0.08264389485005313
-1.0783153360653892
-2.0754642373208756
-2.4308154836615414
-3.0764893478892312
-1.684421603899406
-1.4277874030282611
-1.2159358272057716
-1.4107591322746846
-1.0916241278892678
-1.7059535611244943
-1.0400958617542142
-1.7969643265148385
-1.5081463690907388
-0.3506465723933713
0.2338726564538947
-0.025396402938736084
-0.37721577218065894
0.10847334074202944
-0.8039482214608876
-0.3244392655625238
-0.14378232378141656
-0.592997369650439
-1.0208604053726416
-1.2320414014441237
-2.5244915819382734
-2.3162195640438807
-2.3509999544835143
-2.322939492195988
-1.863803641826782
-1.1936108711949247
-0.9345646420782604
-0.5808265571053407
-0.9196707745874028
-0.6585731199565033
-0.12203956510361187
0.3049124003631095
-0.962134547098825
-1.2821525608673237
-1.6439027742432155
-1.93588446933386
-0.8344610274576475
-1.136810998885408
-1.75542474996877
-1.3606070009645226
-1.8409519265105494
-2.091176122683946
-2.067435213071076
-1.6400887319182744
-1.2244098254625237
-1.5637420300754128
-2.2133797217704507
-2.0073087561771716
-1.1106352322362152
-0.7491240408701978
-0.6793378888014847
-0.8574026256110179
-1.825823249810585
-0.4994198714932823
-0.21129036599660891
-0.05217562391835562
0.05870956117480854
-0.14352715046202438
0.251626069899215
0.7688115457151673
-0.09218430068709092
0.5440663386007969
0.8539893863366743
0.6876738310621224
1.2494623792230262
1.5292898572775833
1.4055179302260739
0.930559096012372
0.9669922478476464
-0.23729832362506692
0.44878599233233807
-0.4159687316789021
0.4869180612315963
-0.17337554250334675
0.13191260693453755
0.4343346478951687
0.9393034296591193
0.7006572188367902
0.18228843152644952
-0.04747014413652175
-0.7642639632861086
-0.23888349628365613
0.6494739231504241
0.02835179545749743
0.38276508554091876
-0.08430726609423476
0.3491083728995666
0.8153475715446866
0.8343921484206487
0.6915087371368763
0.8389906569152716
0.7212761288841678
0.832370863497822
0.44165676330906545
0.8703856262496755
0.9278823662874519
0.7543893344674203
-0.594423167786324
-1.1253425411262794
-1.7602639297279985
-0.5632007979307583
-0.7471403005554983
-0.6086295243287807
0.34123114945193805
0.4355524935394518
0.4369278042707391
0.6059847747327156
0.4203134015580098
1.187139906697625
1.0282576846462845
0.46370485253197824
1.123675917429408
0.6810900489972035
0.7739342837367816
0.9282826829288405
1.2519585168489276
0.928354362230085
0.5046683433578163
0.8931783078322478
-0.36284102532863394
0.2201079652824141
0.646126585134386
0.7704385724546992
0.5519723879912901
0.4958390386428421
0.3005345890907206
0.35038498020249675
0.3822414255436155
0.5953428826084661
0.31876701748481356
0.9839770707437069
1.049297215771318
-0.24772811186254326
0.6180941618014794
-1.1530992593982021
-0.302250960943657
0.45137308646980684
0.8346598720621327
0.7575456275612148
1.1343944546497922
0.9310968328308091
0.0917517988976003
0.5496626563316445
1.1780563173893903
1.1760069786004403
0.8288953428486344
-0.22852348649924475
-0.7526674693284438
-1.9109924611371967
-2.1665112994478477
-0.5156332139997029
0.7339580871237569
0.8118185024529241
-0.7457632293381474
-2.21315009072363
-2.100385887478778
-0.9997789336502365
-0.8064101765982816
-0.6409500504482695
-0.6231877919795923
-0.5763626603188883
-0.4600310929651819
0.13078444639524206
0.11222220216110679
0.13988426755403294
0.2845386792954316
0.3413314596423039
0.723361534699638
0.3145859111422612
0.6252852465089359
0.9655412040398652
0.9787047093497142
0.9253002869316667
1.1514003135802056
1.237991944026949
1.1199549216365585
-0.04520004671281443
-0.06529998165114534
0.19503671439694092
-1.402554541881112
-1.9294947709052004
-2.736311377048776
-3.324348787911879
-1.3283862676362097
-0.17342116440802594
0.4622428048083572
0.4583254207471915
0.7127705426123414
0.8120416879807287
0.7821643056122198
0.7692351390136919
0.7102899106288663
0.8112073238340018
0.8121474433557758
0.15272884777740772
-0.3031627210497635
-1.2995656059736527
-1.7666367666252776
-2.276546381563488
-2.0630966676563274
-1.4746773168656868
-1.1097081765797843
-0.888803807153965
-2.0080441494113694
-1.1702587352876843
-0.32212935214144717
0.00969791865032169
0.7479471517395602
0.4183959950801146
-0.004443079142654882
0.09549637430716887
-0.255356857036664
-0.3200610105511227
-0.14026899120940292
0.3610546144264776
0.29209250452566915
0.3767394539056793
0.03352453180299401
-0.8893045480493076
0.4557967339538099
0.6739394070431064
1.0166668518327338
1.232324835844622
1.3731015757400948
1.3044829647264988
1.3970260748176608
1.187626957029746
1.4765352700790242
1.3566865346312487
1.4384021707948023
1.4245693743762553
1.6052264291562257
1.4123905508675973
1.4722558913364039
1.623403709455999
1.8377592081697234
1.6459436574257829
1.7661205274344205
1.8761603896429269
1.7899207380853412
1.2600552081235405
1.6845375032535723
1.4962253436060446
1.3235577129513518
1.490309024399314
1.428053958458322
1.5199707150120942
1.6063756015877129
1.7499422280989172
1.635067865601466
1.9936561999654274
1.5153050736333689
0.8904338690897233
-0.19560907513499018
-2.019209574819752
-2.5978898586486117
-2.0503059873999825
-2.809197517174287
-0.12377899771196987
0.7922983144247029
0.6309230807401022
0.2585871591539473
0.6312358559613358
0.7459797380830733
0.7041560135421322
0.8436946282029165
0.15300860216624812
0.19657845140967548
-0.041818603324382406
0.12092442536075951
0.5219602380626027
-0.42740671511929945
-0.6723592417108806
0.021583397691530937
0.6249320509399233
0.8747701059476658
0.2680115875236509
0.47766542105617854
0.41843386373200353
0.9129644699360286
1.0026435732722994
1.2682057015858081
1.3060210870782576
0.4614506404404284
0.9960545593693647
1.5358693374488745
1.3610858336398874
1.0769787740923842
0.8093183837200861
0.8359036247434911
1.07352545480634
0.9560711407376224
1.0377256363808458
1.2491726517662258
1.1707568434134763
1.2435917622438433
1.293353173259494
1.3300057340925595
0.5704958575408682
0.6150658362534958
1.1742860067609389
-1.4977548078132557
-1.5110241341358757
-1.1881884676369467
-0.3527957210936289
-0.9227204378301156
0.07170175333912847
0.4102275811020054
0.07644684472981286
0.9520395679780144
0.8667012734533699
1.2091802245202907
1.4425900497085675
1.4889617241631403
1.0069760288055118
0.5333333731249109
0.4756164254193604
-0.8386070963425553
-1.619346076301548
-2.381540188676717
-2.068468509831243
-0.1211127258603077
-2.014719772929557
-2.262395047481093
-0.9138319262964428
-0.6766149089402169
-1.6804894412745432
-3.006821830606992
-2.1282389758047184
-1.2849323840901499
-0.7454145653964799
-0.061781241572949605
0.07809520382172278
-0.37111531375463774
-0.8035987945814262
-0.9299643362009193
-0.10889001697312665
0.3635572570880774
0.7100328042282384
0.9554945572311164
0.9027234564015852
0.9813686035101465
0.8718840879339005
0.9639014219235496
0.2386428598091233
0.5042752702258995
-0.41589153272731555
0.28771919894537634
0.439189051872204
0.17674117803810202
0.5323943596199976
0.8613501138189094
0.9504124185590381
0.3050841661208506
1.0415632287312817
0.7064303843315477
0.711778379559104
0.07238200118152766
0.1998069841299052
0.12310131059435458
0.0506832112631427
0.056976717556422564
-1.4430127807451747
-1.0123663435601356
-1.9007200813253575
-2.531274663294277
-1.3537328311437602
-0.8775750892824465
-0.7557495366014321
-2.5425384023659214
-0.9561084885655028
-1.2236499829778154
-2.580581171757813
-0.49968313211533194
-0.2724487378846683
-0.590101353389627
-0.5192040904535021
-1.179712131775183
-1.1002445681890682
0.0007970285291187262
-1.1143209102086908
-1.5181175356540724
-2.400831863772732
-1.6409724574334448
-1.9828913690148717
-0.6352526082073776
-2.820214587436131
-1.023124761967121
-1.9114998648945565
-1.964595967344406
-0.10166617128274544
0.9710154928998656
1.1400188388644525
1.2929297058631997
1.0065880675288394
0.8380269087672698
-0.37762188653935
-1.199068514292278
-0.6951386918403826
0.3771020069459186
0.9103049881022885
0.755488474113257
-1.2369423209215467
-0.5108820462868666
0.41250724562325425
0.6645443374648494
1.0193403213339416
0.9763673595625948
1.0245072016341088
1.1862936071282462
0.8506415816286644
1.1522415556630479
0.8455295064145325
0.8690204100377436
0.8856430686695415
0.8074137160654674
-0.7934434926348094
-0.26644806068675647
0.5246120385838751
0.9840844099883768
0.2719508052720648
-0.6825899087186225
-2.9251389735516042
-1.2170733343223952
-0.1960969877809776
-0.6430895933488651
0.5620236310853344
0.7470992257301221
0.5431840370698156
-0.12756409345238112
-0.24654039084774207
-0.24192912069997377
-0.6600796188976548
0.04812099602854617
0.774575415181846
0.7717323390245694
0.3610897672575149
0.7086247732408116
0.8361960931240253
0.8213315409460076
0.3731322619697504
-0.6702519418042381
-0.40082967376296413
-1.4481510895690186
-2.1390849814586312
-2.491473735687005
-0.68126358286347
-2.0866182202989085
-0.4172997531843558
0.4123077955714159
0.8435953641265399
0.7438597185607303
0.4540640571101763
0.5848500916944877
-0.34237747583567935
0.4103406104347778
0.6336434575247816
0.3097165916067082
-1.3032257230342825
-0.6249536425293688
0.13911872191950012
-0.15771924312670987
-2.442791855432156
-0.7034494932274107
-1.5197520379178466
-0.516390670040566
0.4375627491633508
1.20230493458689
1.0011321909226205
0.7061835155128773
-1.265320197297354
-0.5806928753463534
0.4821152248577201
0.08985515281810064
-2.203162763079413
-0.22927854641857767
-0.38806413572213366
-1.046453691166612
0.3651255664827685
0.221875371180916
-1.905806219118378
-1.737240112958601
-2.7708117066055378
-2.2417573173301477
-0.6737696826566208
-1.0611901421275176
-0.8476078752254874
-0.6908232972656106
-0.5025887729774741
-0.4189274449774613
-0.4252348662073523
-0.07999827701226579
-0.6394956082031353
0.2880046745485506
0.1142058104988157
0.421870636135948
0.4556936294489017
0.21237956355457444
-0.44986832940390176
-0.01553704765041366
-0.43468250607083425
-1.4640449404686102
-0.35845093865525807
-0.5358039248139523
-0.6340734819956838
-0.12528280718290064
-0.9610163551904163
-0.5819034884405784
0.012498041466663643
0.694445698871975
0.8528335264530812
0.8889377016892339
0.680271250099061
0.8156486254683439
0.12263558391882715
-0.11623914394225905
-0.06423388601057053
-0.4285014391446656
-0.46318439450909554
0.0556194541712919
0.29243785826961943
0.08552998240421714
-0.55086024850395
-0.3557063508364983
-1.7899024649593067
-2.9075719793621757
-2.850951172369661
-2.8781945357015877
-2.5166127208161058
