0.305
0.208
-0.059
0.03
0.269
0.131
-0.131
0.101
-0.073
0.226
-0.717
-0.733
-0.42
0.012
-0.283
0.024
0.233
0.314
0.271
0.665
0.616
0.578
0.802
0.869
0.894
0.799
0.878
0.471
0.372
0.254
0.175
0.581
0.463
0.593
0.491
0.234
0.63
0.403
0.412
0.522
0.628
0.923
0.642
0.334
0.295
0.065
0.419
0.569
0.568
0.418
0.22
0.21
-0.11
0.321
0.132
0.311
0.34
0.092
0.693
0.601
0.606
0.046
-0.011
0.002
0.244
-0.097
-0.02
-0.312
-0.549
-0.414
-0.093
-0.464
-0.115
-0.073
0.444
-0.271
0.196
0.534
0.799
0.612
0.611
0.833
0.879
0.506
0.933
1.034
1.166
1.112
1.076
1.185
1.255
1.041
0.812
0.898
0.254
0.31
0.508
0.672
0.696
0.634
0.741
0.74
0.866
0.628
0.801
1.001
1.236
1.129
1.181
0.972
0.891
0.789
1.086
-0.169
-0.424
-0.439
-0.421
-0.34
-0.06
0.136
0.255
-0.063
-0.285
0.186
0.119
0.185
0.444
0.663
0.882
0.528
1.065
1.374
1.373
1.26
1.307
1.434
0.894
0.811
1.259
0.775
0.96
-1.053
-1.265
0.259
0.741
-1.259
0.578
0.297
0.712
-2.184
-2.369
-1.416
-1.064
-1.818
-1.721
-2.316
-1.989
-1.869
-1.766
-2.045
-2.777
-1.91
-0.612
-0.088
-0.195
0.182
0.704
0.543
0.861
0.988
1.105
0.975
0.527
1.249
1.289
1.106
1.081
1.364
0.766
1.173
0.777
1.312
1.228
0.036
0.764
0.821
0.96
0.152
0.682
0.499
0.694
0.986
0.812
0.512
0.618
0.23
0.073
0.218
-1.003
-0.044
-0.354
0.009
0.206
-0.397
-0.592
0.106
-0.264
-0.143
-0.565
-1.079
-2.362
-1.285
-0.3
0.065
-0.045
0.278
0.377
0.387
0.497
0.499
0.791
0.954
-0.228
-2.093
-0.734
0.518
0.274
0.908
0.589
0.094
-0.066
-1.039
-2.018
-1.819
-1.098
-0.734
-0.631
-0.123
-0.049
0.043
0.369
0.443
-0.669
-1.807
-1.904
-1.327
-0.972
-0.408
-0.763
-0.184
0.495
0.724
0.089
0.376
-0.915
-0.104
0.336
0.584
-0.505
0.167
0.221
0.39
0.966
0.339
0.125
1.117
1.26
0.663
0.525
-0.208
0.555
-0.225
0.09
0.02
-0.119
-0.519
0.091
-0.623
-0.729
-0.96
-0.375
-0.815
-0.679
-0.888
-0.566
-0.878
-0.394
0.048
0.131
-1.321
-0.375
-0.594
0.264
0.691
0.093
0.398
0.324
0.794
0.845
0.927
0.474
0.775
0.028
-0.733
-1.522
-2.298
-1.168
-2.261
-0.235
-2.305
-1.548
-0.457
-0.522
-0.13
0.253
0.197
0.494
0.607
0.592
0.352
0.191
0.301
0.672
0.944
1.394
0.287
-2.098
-0.436
0.129
-2.24
-0.26
0.234
0.329
0.238
-0.229
-0.291
0.037
0.388
0.491
0.35
0.282
0.123
0.765
0.945
0.469
0.869
0.982
0.598
0.579
0.438
0.41
0.218
0.387
0.636
-0.564
-0.502
0.099
-0.608
-0.21
1.086
1.074
-0.422
0.161
0.7
0.349
0.886
0.821
0.508
0.054
0.965
2.125
0.476
0.716
0.872
0.891
1.038
0.821
1.086
0.926
0.275
-0.25
0.344
0.656
0.785
0.803
0.287
0.743
1.12
0.738
0.859
0.873
0.393
0.629
0.528
0.752
-0.378
0.208
0.756
0.741
0.53
0.062
-0.773
-0.192
0.255
0.678
-0.215
0.112
-0.058
-0.384
-1.685
-1.552
-0.461
-0.089
0.385
0.088
-0.573
-0.353
-0.033
-0.203
-1.732
-0.428
0.133
0.055
-1.299
-1.226
-1.315
-1.02
-0.633
-0.984
-1.714
-2.151
-2.258
-1.759
-0.839
-0.395
-0.113
-0.358
-0.352
-1.084
-0.639
-0.001
-0.749
-0.617
-0.358
0.007
0.539
0.213
-0.644
-0.189
0.268
0.641
0.662
0.734
0.67
0.734
0.714
0.362
0.689
0.413
0.329
-1.125
-1.901
-1.313
-1.398
-1.763
-1.071
-0.278
-0.87
-0.626
-0.638
-0.537
-2.206
-1.318
-0.651
-0.1
-0.23
-1.484
-1.37
-1.034
-1.883
-1.89
-1.29
-2.021
-2.452
-1.395
0.09
0.241
0.021
-0.198
0.306
-0.193
-0.038
0.58
0.574
0.503
0.73
0.51
0.731
0.594
0.452
0.602
0.013
-1.72
-0.893
-0.516
-0.151
-0.204
-1.248
-0.879
0.288
-0.301
0.55
0.766
-0.444
0.673
0.738
1.0
1.226
0.996
1.002
0.758
0.837
0.491
-0.339
-1.651
-1.033
0.16
0.678
-1.613
-0.875
-0.578
0.131
0.379
0.346
-1.599
-2.241
-0.458
-1.677
-1.095
-1.817
-2.561
-1.049
-0.504
-1.05
-0.167
0.44
0.453
-0.033
0.425
0.512
-1.322
-0.403
-0.108
-0.239
-0.688
-1.942
-2.539
-1.95
-1.307
-0.952
-0.388
-0.57
-2.078
-1.384
-0.376
-0.141
0.129
0.456
-0.255
-1.047
-1.038
0.21
0.548
0.214
0.439
-0.004
0.315
0.048
0.071
-0.155
-0.458
-1.439
-1.897
-2.504
-2.292
-1.3
-0.993
-1.838
-2.172
-1.112
-1.777
-2.241
-1.73
-1.997
-1.737
-0.178
-0.889
-0.535
-0.334
-1.025
0.267
-0.047
0.46
0.954
0.921
0.209
-0.363
-1.165
-0.387
-0.039
0.276
0.055
-0.468
-1.107
-2.187
-1.126
-1.137
-1.087
-0.87
-1.561
-2.303
-2.698
-1.439
-0.984
-0.839
-1.877
-1.309
-2.102
-1.844
-2.005
-1.184
-1.273
-1.627
-1.675
-1.98
-0.852
-0.151
0.374
0.324
0.221
0.211
0.365
0.059
0.186
-0.721
-2.502
-1.643
-0.69
-1.105
-0.798
-0.803
-0.22
-0.971
-1.067
-1.247
-1.984
-2.438
-2.38
-2.009
-0.885
-0.549
-0.02
-0.09
0.084
0.223
-0.457
-0.047
-0.11
0.503
0.116
0.625
-0.112
0.466
0.544
-0.119
0.237
0.307
0.448
-0.548
-0.133
0.257
0.389
0.483
0.524
0.162
-0.28
-0.437
-0.394
-0.228
-0.175
0.375
0.505
-0.295
-0.397
-1.938
-0.096
-0.342
0.344
0.234
0.076
-0.621
-0.773
-0.84
-0.243
-0.454
-0.185
0.122
0.365
0.349
0.227
0.292
0.17
0.186
-0.081
0.214
0.162
0.321
0.129
-0.286
0.115
0.34
0.107
0.109
-0.068
0.335
-0.25
0.005
0.265
0.09
-0.89
-0.347
-0.357
-0.106
-0.03
-0.023
-0.105
-0.052
-0.198
-0.507
-0.619
-0.461
-1.186
-0.191
0.481
0.465
-0.24
-0.599
-1.23
-0.592
-0.268
-0.014
-0.16
0.078
-0.436
-2.067
-1.767
-0.603
0.08
0.025
0.413
0.086
-0.186
-0.214
-0.049
0.073
0.077
-0.615
-1.218
-0.349
-0.448
-0.016
-0.035
-0.395
-0.216
-0.246
-1.969
-2.218
-1.602
-0.159
-0.032
-0.316
0.276
0.38
0.431
0.102
-0.452
-0.656
-0.328
-0.91
-2.112
-1.422
-1.225
-1.077
-1.713
-2.299
-1.795
-1.93
-2.424
-1.364
-0.509
0.126
0.146
0.29
0.192
0.082
-0.877
-0.786
-0.215
-0.142
-0.486
-1.718
-1.185
-0.231
0.122
0.527
0.445
0.264
0.504
0.71
0.885
0.722
0.348
0.613
0.669
0.796
0.039
0.264
0.383
0.456
0.365
0.258
0.13
0.461
0.403
0.163
0.526
-0.093
0.204
0.155
-0.036
0.346
0.568
0.555
0.009
-0.474
-0.157
-0.757
-1.984
-2.472
-1.342
-1.465
-2.26
-2.675
-1.14
-0.273
-0.322
-0.015
0.182
0.137
0.123
-0.905
-0.862
-0.281
-0.202
-0.307
-0.232
-0.767
-0.137
-0.076
-0.819
-1.952
-0.988
0.368
0.162
0.221
0.421
0.696
0.039
-1.343
-0.643
-0.16
-1.343
-0.379
0.054
-0.151
0.206
0.065
0.08
0.228
0.24
0.169
-0.038
0.347
-0.065
-0.035
-0.202
0.016
0.083
-1.404
-2.378
-2.493
-1.073
-1.544
-0.38
-0.376
0.157
-0.096
0.119
-0.219
-0.056
-0.127
0.015
-0.986
-0.457
-0.53
-1.249
-2.285
-1.123
-0.393
-0.962
-0.657
-1.885
-2.283
-1.482
-0.452
-0.508
-0.17
-0.515
-0.446
-0.383
-0.192
0.036
0.144
-1.221
-0.555
0.117
0.039
0.217
-0.303
-0.469
-0.617
-0.953
-0.567
-0.477
-0.472
-0.749
-0.211
-0.243
0.281
0.729
0.577
0.773
0.551
0.734
0.427
-0.014
-0.082
-0.089
-0.689
-0.033
-0.093
0.046
0.415
0.377
-1.361
-1.813
-0.085
-1.197
-1.444
-0.658
-1.04
-0.821
-0.381
-0.289
-0.324
-0.753
-1.132
-0.63
-1.724
-2.389
-1.815
-0.38
0.062
-0.029
0.125
0.228
0.492
0.349
-0.182
-1.411
-0.218
0.219
0.119
-0.062
-0.954
-0.363
-0.31
0.146
0.357
0.037
0.435
0.28
0.309
-0.173
-0.547
-0.334
-0.551
0.012
0.085
0.482
0.118
0.456
0.745
1.056
0.782
0.936
1.127
-0.397
0.605
0.586
0.65
0.299
0.039
0.448
0.146
-0.118
-0.376
0.004
-2.358
-1.552
-0.346
-0.163
0.194
0.332
0.494
-0.81
-2.144
-0.914
-1.578
-1.725
-0.567
0.227
0.498
0.477
0.281
-0.469
0.003
0.341
0.234
0.29
0.554
0.766
0.406
-0.209
0.188
-0.85
0.075
0.367
0.089
-0.664
0.4
0.582
0.291
-0.59
-0.977
0.52
0.903
-0.051
-0.481
0.279
0.692
0.67
0.552
-0.405
-0.151
-0.017
-0.025
-1.578
-0.174
-0.26
0.334
0.074
-0.56
-1.233
-0.318
0.491
0.553
0.526
0.888
1.285
-0.173
0.316
-0.306
0.312
-0.357
0.926
0.685
-0.481
0.214
0.26
0.133
0.392
-0.206
0.939
1.294
0.045
-0.557
-0.732
-0.981
-0.648
-0.567
-0.054
0.033
0.288
0.207
0.113
-0.452
0.353
0.206
-0.188
0.362
-0.037
0.628
0.119
0.594
-0.26
-0.568
0.06
0.079
0.083
-0.312
-0.531
-0.199
0.296
0.397
0.839
0.713
0.344
0.766
0.825
1.222
0.796
0.847
-0.82
0.006
-0.628
-0.139
0.355
0.582
-0.152
-0.826
-1.532
-0.778
-0.061
-0.11
0.172
0.282
-0.151
-0.3
-0.028
0.251
0.027
0.467
0.245
1.133
1.126
1.027
1.072
-0.147
-0.373
-0.346
-0.11
-0.28
0.3
0.713
1.026
1.239
1.277
1.22
0.606
0.999
0.96
0.75
0.494
0.579
0.36
0.38
0.557
-0.35
-0.172
0.21
-0.354
-0.382
-0.428
-0.159
-0.797
-0.248
-0.001
0.238
0.139
-0.316
-0.127
0.119
-0.38
-1.245
-1.484
-1.03
-0.766
-0.289
-0.288
-0.434
-0.437
-0.543
-0.345
-0.164
0.013
0.337
-0.052
-0.026
-0.104
-0.331
-0.205
-0.58
0.37
0.451
0.469
0.526
0.522
0.19
0.474
0.442
0.652
0.829
0.592
0.536
0.538
0.358
-0.235
-0.301
0.027
-0.311
-0.093
-0.062
-1.403
-1.46
-1.823
-1.965
-1.869
-2.2
-1.756
-0.62
0.072
0.122
0.368
0.215
0.33
0.528
0.663
0.532
0.256
0.316
0.055
0.378
-0.085
-0.093
0.411
0.317
0.168
-0.572
-0.251
-0.059
0.421
0.405
0.497
0.592
0.485
0.427
0.582
0.513
0.1
-0.319
-0.074
-0.618
-0.281
-0.595
-0.28
-0.892
-0.615
-0.675
-0.885
-0.683
-1.553
-1.987
-1.653
-1.977
-1.775
-1.631
-2.493
-2.558
-2.576
-2.751
-2.019
-1.026
-0.262
-1.605
-0.753
-1.523
-1.989
-0.948
-2.159
-1.682
-0.89
-0.153
-0.521
-0.874
-0.667
-1.488
-1.408
-1.118
-0.823
-0.951
-0.588
-0.234
-0.305
-0.393
-0.044
0.226
0.358
-0.014
-0.094
-0.31
-0.42
-0.158
-0.244
-1.714
-1.932
-1.171
-0.429
-0.555
-0.531
0.111
0.101
0.099
0.283
0.188
-0.825
-1.603
-0.529
-0.08
-1.063
-1.063
-1.362
-2.078
-2.025
-1.384
-1.401
-1.203
-0.994
-0.624
-0.415
-0.048
-0.568
-0.674
-1.315
-0.903
-1.241
-0.254
-0.315
-0.758
-0.148
-1.289
-0.43
0.169
-0.994
-1.165
-0.736
-0.431
-0.795
-1.695
-1.069
-0.68
-0.828
-0.877
-0.562
-1.753
-2.114
-2.567
-1.047
-0.393
0.034
0.373
-0.132
-1.323
-2.193
-2.351
-2.752
-1.778
-1.693
-1.437
-1.576
-1.259
-1.866
-1.196
-1.854
-1.567
-0.547
-0.011
-0.246
-0.506
-0.114
-0.883
-0.541
-0.338
-0.746
-1.2
-1.603
-2.471
-2.3
-2.364
-2.186
-1.807
-1.203
-0.997
-0.691
-1.083
-0.722
-0.383
0.002
-1.182
-1.431
-1.722
-2.074
-1.113
-1.35
-1.861
-1.578
-1.912
-2.186
-2.107
-1.803
-1.363
-1.627
-2.188
-1.788
-1.158
-0.825
-0.829
-1.006
-1.937
-0.698
-0.397
-0.237
-0.031
-0.365
0.124
0.487
-0.293
0.254
0.46
0.447
0.976
1.114
1.006
0.59
0.581
-0.706
-0.011
-0.692
0.172
-0.523
-0.294
0.157
0.663
0.377
-0.149
-0.258
-0.975
-0.514
0.229
-0.29
0.088
-0.313
0.039
0.538
0.505
0.354
0.482
0.343
0.56
0.141
0.546
0.599
0.402
-1.05
-1.465
-2.027
-0.941
-1.077
-0.849
0.069
0.108
0.038
0.336
0.196
0.868
0.663
0.228
0.768
0.336
0.351
0.504
0.737
0.493
0.11
0.399
-0.776
-0.181
0.133
0.284
0.099
0.11
-0.053
-0.039
-0.048
0.256
-0.034
0.503
0.645
-0.652
0.102
-1.418
-0.7
0.02
0.325
0.446
0.719
0.483
-0.235
0.046
0.688
0.697
0.319
-0.588
-1.062
-2.053
-2.237
-0.823
0.266
0.449
-1.066
-2.212
-1.75
-0.981
-0.75
-0.603
-0.478
-0.544
-0.404
-0.013
0.019
0.012
0.092
0.163
0.475
0.131
0.325
0.69
0.694
0.618
0.862
0.944
0.867
-0.233
-0.164
0.004
-1.442
-1.884
-2.641
-2.877
-1.287
-0.274
0.326
0.333
0.512
0.712
0.634
0.538
0.585
0.697
0.702
0.192
-0.14
-1.02
-1.45
-1.87
-1.784
-1.075
-1.056
-0.799
-1.717
-1.068
-0.335
0.244
0.801
0.549
0.142
0.23
-0.175
-0.265
-0.174
0.392
0.363
0.451
0.084
-0.761
0.463
0.659
1.066
1.3
1.358
1.281
1.339
1.201
1.504
1.355
1.383
1.415
1.506
1.341
1.437
1.527
1.855
1.956
1.826
2.016
1.909
1.393
1.813
1.544
1.313
1.442
1.295
1.521
1.553
1.91
2.004
2.249
2.13
1.248
0.06
-1.826
-2.374
-1.936
-2.274
-0.039
0.74
0.583
0.268
0.703
0.726
0.709
0.849
0.502
0.287
0.304
0.202
0.51
-0.169
-0.442
0.405
0.652
0.868
0.51
0.597
0.611
1.063
1.121
1.387
1.345
0.491
1.016
1.603
1.39
1.018
0.82
0.838
1.108
1.012
1.127
1.301
1.194
1.323
1.461
1.488
0.703
0.739
1.252
-1.486
-1.45
-1.188
-0.35
-0.776
0.192
0.606
0.258
1.084
1.109
1.454
1.644
1.664
1.246
0.612
0.65
-0.628
-1.529
-2.375
-2.048
-0.284
-2.015
-2.141
-0.785
-0.671
-1.703
-2.694
-2.103
-1.301
-0.701
-0.141
-0.024
-0.301
-0.73
-0.869
-0.231
0.387
0.696
0.945
0.906
1.029
0.901
0.977
0.258
0.571
-0.346
0.246
0.43
0.162
0.575
0.898
1.062
0.436
1.147
0.759
0.854
0.153
0.315
0.131
0.096
0.039
-1.376
-0.899
-1.836
-2.216
-1.177
-0.665
-0.44
-2.339
-0.82
-1.223
-2.224
-0.571
-0.133
-0.355
-0.226
-0.97
-0.862
0.142
-0.888
-1.329
-2.004
-1.433
-1.609
-0.482
-2.579
-0.956
-1.735
-1.514
0.109
1.259
1.393
1.457
1.113
0.86
-0.372
-1.137
-0.564
0.455
0.953
0.836
-1.301
-0.46
0.595
0.888
1.241
1.054
1.13
1.299
1.021
1.406
1.09
1.092
1.069
0.932
-0.734
-0.099
0.686
1.31
0.597
-0.491
-2.545
-1.275
-0.378
-0.611
0.569
0.583
0.357
0.04
-0.044
-0.026
-0.349
0.325
0.81
0.721
0.31
0.557
0.922
0.721
0.37
-0.814
-0.459
-1.442
-2.102
-2.331
-0.852
-2.064
-0.445
0.411
0.821
0.811
0.496
0.541
-0.044
0.516
0.829
0.377
-1.2
-0.478
0.084
-0.304
-2.314
-0.713
-1.282
-0.33
0.51
1.296
0.988
0.74
-1.06
-0.566
0.53
0.098
-2.178
-0.383
-0.321
-0.834
0.457
0.53
-1.651
-1.454
-2.685
-2.19
-0.682
-0.912
-0.848
-0.619
-0.459
-0.302
-0.369
-0.078
-0.624
0.112
0.03
0.355
0.3
0.082
-0.591
-0.141
-0.514
-1.538
-0.398
-0.6
-0.78
-0.136
-0.988
-0.676
-0.15
0.69
0.848
0.857
0.665
0.897
0.191
-0.167
-0.243
-0.422
-0.529
-0.023
0.186
0.081
-0.465
-0.424
-1.555
-2.563
-2.377
-2.428
-2.22
